11 15 5 12 500 60 
1747  1747  1747  1747  1747  1747  1747  1747  1747  1747  1747  1747  71  71  71  71  71  71  71  71  71  71  71  71  
1567  1567  1567  1567  1567  1567  1567  1567  1567  1567  1567  1567  99  99  99  99  99  99  99  99  99  99  99  99  
619  619  619  619  619  619  619  619  619  619  619  619  69  69  69  69  69  69  69  69  69  69  69  69  
1662  1662  1662  1662  1662  1662  1662  1662  1662  1662  1662  1662  73  73  73  73  73  73  73  73  73  73  73  73  
738  738  738  738  738  738  738  738  738  738  738  738  63  63  63  63  63  63  63  63  63  63  63  63  
1428  1428  1428  1428  1428  1428  1428  1428  1428  1428  1428  1428  20  20  20  20  20  20  20  20  20  20  20  20  
1118  1118  1118  1118  1118  1118  1118  1118  1118  1118  1118  1118  55  55  55  55  55  55  55  55  55  55  55  55  
1954  1954  1954  1954  1954  1954  1954  1954  1954  1954  1954  1954  37  37  37  37  37  37  37  37  37  37  37  37  
1577  1577  1577  1577  1577  1577  1577  1577  1577  1577  1577  1577  42  42  42  42  42  42  42  42  42  42  42  42  
1108  1108  1108  1108  1108  1108  1108  1108  1108  1108  1108  1108  44  44  44  44  44  44  44  44  44  44  44  44  
1667  1667  1667  1667  1667  1667  1667  1667  1667  1667  1667  1667  60  60  60  60  60  60  60  60  60  60  60  60  
1355  1355  1355  1355  1355  1355  1355  1355  1355  1355  1355  1355  74  74  74  74  74  74  74  74  74  74  74  74  
688  688  688  688  688  688  688  688  688  688  688  688  67  67  67  67  67  67  67  67  67  67  67  67  
1774  1774  1774  1774  1774  1774  1774  1774  1774  1774  1774  1774  96  96  96  96  96  96  96  96  96  96  96  96  
1318  1318  1318  1318  1318  1318  1318  1318  1318  1318  1318  1318  67  67  67  67  67  67  67  67  67  67  67  67  
1987  1987  1987  1987  1987  1987  1987  1987  1987  1987  1987  1987  98  98  98  98  98  98  98  98  98  98  98  98  
1670  1670  1670  1670  1670  1670  1670  1670  1670  1670  1670  1670  20  20  20  20  20  20  20  20  20  20  20  20  
1843  1843  1843  1843  1843  1843  1843  1843  1843  1843  1843  1843  68  68  68  68  68  68  68  68  68  68  68  68  
1958  1958  1958  1958  1958  1958  1958  1958  1958  1958  1958  1958  40  40  40  40  40  40  40  40  40  40  40  40  
1620  1620  1620  1620  1620  1620  1620  1620  1620  1620  1620  1620  47  47  47  47  47  47  47  47  47  47  47  47  
1176  1176  1176  1176  1176  1176  1176  1176  1176  1176  1176  1176  55  55  55  55  55  55  55  55  55  55  55  55  
1594  1594  1594  1594  1594  1594  1594  1594  1594  1594  1594  1594  83  83  83  83  83  83  83  83  83  83  83  83  
1294  1294  1294  1294  1294  1294  1294  1294  1294  1294  1294  1294  41  41  41  41  41  41  41  41  41  41  41  41  
878  878  878  878  878  878  878  878  878  878  878  878  66  66  66  66  66  66  66  66  66  66  66  66  
760  760  760  760  760  760  760  760  760  760  760  760  57  57  57  57  57  57  57  57  57  57  57  57  
1383  1383  1383  1383  1383  1383  1383  1383  1383  1383  1383  1383  23  23  23  23  23  23  23  23  23  23  23  23  
1437  1437  1437  1437  1437  1437  1437  1437  1437  1437  1437  1437  58  58  58  58  58  58  58  58  58  58  58  58  
1657  1657  1657  1657  1657  1657  1657  1657  1657  1657  1657  1657  49  49  49  49  49  49  49  49  49  49  49  49  
1604  1604  1604  1604  1604  1604  1604  1604  1604  1604  1604  1604  75  75  75  75  75  75  75  75  75  75  75  75  
1402  1402  1402  1402  1402  1402  1402  1402  1402  1402  1402  1402  29  29  29  29  29  29  29  29  29  29  29  29  
639  639  639  639  639  639  639  639  639  639  639  639  91  91  91  91  91  91  91  91  91  91  91  91  
1333  1333  1333  1333  1333  1333  1333  1333  1333  1333  1333  1333  74  74  74  74  74  74  74  74  74  74  74  74  
915  915  915  915  915  915  915  915  915  915  915  915  53  53  53  53  53  53  53  53  53  53  53  53  
1371  1371  1371  1371  1371  1371  1371  1371  1371  1371  1371  1371  77  77  77  77  77  77  77  77  77  77  77  77  
626  626  626  626  626  626  626  626  626  626  626  626  93  93  93  93  93  93  93  93  93  93  93  93  
915  915  915  915  915  915  915  915  915  915  915  915  71  71  71  71  71  71  71  71  71  71  71  71  
1386  1386  1386  1386  1386  1386  1386  1386  1386  1386  1386  1386  67  67  67  67  67  67  67  67  67  67  67  67  
844  844  844  844  844  844  844  844  844  844  844  844  52  52  52  52  52  52  52  52  52  52  52  52  
1457  1457  1457  1457  1457  1457  1457  1457  1457  1457  1457  1457  69  69  69  69  69  69  69  69  69  69  69  69  
898  898  898  898  898  898  898  898  898  898  898  898  66  66  66  66  66  66  66  66  66  66  66  66  
1857  1857  1857  1857  1857  1857  1857  1857  1857  1857  1857  1857  24  24  24  24  24  24  24  24  24  24  24  24  
1391  1391  1391  1391  1391  1391  1391  1391  1391  1391  1391  1391  54  54  54  54  54  54  54  54  54  54  54  54  
1792  1792  1792  1792  1792  1792  1792  1792  1792  1792  1792  1792  77  77  77  77  77  77  77  77  77  77  77  77  
793  793  793  793  793  793  793  793  793  793  793  793  98  98  98  98  98  98  98  98  98  98  98  98  
1826  1826  1826  1826  1826  1826  1826  1826  1826  1826  1826  1826  58  58  58  58  58  58  58  58  58  58  58  58  
1716  1716  1716  1716  1716  1716  1716  1716  1716  1716  1716  1716  88  88  88  88  88  88  88  88  88  88  88  88  
957  957  957  957  957  957  957  957  957  957  957  957  64  64  64  64  64  64  64  64  64  64  64  64  
1547  1547  1547  1547  1547  1547  1547  1547  1547  1547  1547  1547  72  72  72  72  72  72  72  72  72  72  72  72  
1571  1571  1571  1571  1571  1571  1571  1571  1571  1571  1571  1571  98  98  98  98  98  98  98  98  98  98  98  98  
1492  1492  1492  1492  1492  1492  1492  1492  1492  1492  1492  1492  69  69  69  69  69  69  69  69  69  69  69  69  
1230  1230  1230  1230  1230  1230  1230  1230  1230  1230  1230  1230  67  67  67  67  67  67  67  67  67  67  67  67  
746  746  746  746  746  746  746  746  746  746  746  746  69  69  69  69  69  69  69  69  69  69  69  69  
1664  1664  1664  1664  1664  1664  1664  1664  1664  1664  1664  1664  89  89  89  89  89  89  89  89  89  89  89  89  
643  643  643  643  643  643  643  643  643  643  643  643  52  52  52  52  52  52  52  52  52  52  52  52  
1461  1461  1461  1461  1461  1461  1461  1461  1461  1461  1461  1461  100  100  100  100  100  100  100  100  100  100  100  100  
684  684  684  684  684  684  684  684  684  684  684  684  95  95  95  95  95  95  95  95  95  95  95  95  
1996  1996  1996  1996  1996  1996  1996  1996  1996  1996  1996  1996  98  98  98  98  98  98  98  98  98  98  98  98  
1985  1985  1985  1985  1985  1985  1985  1985  1985  1985  1985  1985  97  97  97  97  97  97  97  97  97  97  97  97  
1897  1897  1897  1897  1897  1897  1897  1897  1897  1897  1897  1897  62  62  62  62  62  62  62  62  62  62  62  62  
1181  1181  1181  1181  1181  1181  1181  1181  1181  1181  1181  1181  57  57  57  57  57  57  57  57  57  57  57  57  
