9 4085 2006
12 4188 2834
15 6560 5749
18 7646 7708
21 8952 9788
24 9066 10623
27 8344 10926
30 9030 15422
33 9255 17149
36 13488 21338
39 12479 31177
42 14671 32497
45 22917 49404
48 21348 55477
51 24635 54756
54 26741 65572
57 17744 45663
60 16116 92328
63 23244 106450
66 36951 100517
69 31233 109525
72 40803 135487
75 42120 140586
78 29082 183065
81 32746 137710
84 42414 229089
87 51605 271186
90 46658 294511
93 58258 262470
96 61913 222126
99 63246 334992
102 47344 306373
105 61449 268948
108 69738 370272
111 75481 375580
114 76041 430997
117 76869 483506
120 80986 392328
123 95773 423193
126 74936 445638
129 53796 584191
132 92640 503222
135 80270 510956
138 62855 700433
141 64722 817242
144 62538 602397
147 106368 724229
150 127796 746812
153 107794 949781
156 110415 1038198
159 88217 783804
162 104312 934977
165 80372 1058950
168 81311 981232
171 102337 1257021
174 128972 1122022
177 105268 1374417
180 136761 1275456
183 138300 1386988
186 149024 1239392
