9 4087.50000 50.46296 5.60700
12 5210.06667 36.18102 3.01508
15 3505.70000 15.58089 1.03873
18 4874.43333 15.04455 0.83581
21 5990.46667 13.58382 0.64685
24 7840.60000 13.61215 0.56717
27 8511.23333 11.67522 0.43242
30 6677.40000 7.41933 0.24731
33 7857.60000 7.21543 0.21865
36 8483.86667 6.54619 0.18184
39 9580.70000 6.29895 0.16151
42 10835.50000 6.14257 0.14625
45 11813.73333 5.83394 0.12964
48 13076.26667 5.67546 0.11824
51 14759.60000 5.67459 0.11127
54 15540.16667 5.32928 0.09869
57 17423.13333 5.36261 0.09408
60 18392.00000 5.10889 0.08515
63 20440.63333 5.15007 0.08175
66 21261.36667 4.88094 0.07395
69 22997.93333 4.83048 0.07001
72 24961.03333 4.81501 0.06688
75 26341.83333 4.68299 0.06244
78 27980.83333 4.59909 0.05896
81 29854.26667 4.55026 0.05618
84 31732.50000 4.49724 0.05354
87 33981.20000 4.48952 0.05160
90 36765.50000 4.53895 0.05043
93 37922.33333 4.38459 0.04715
96 39982.96667 4.33843 0.04519
99 42494.03333 4.33568 0.04379
102 44951.96667 4.32064 0.04236
105 46869.83333 4.25123 0.04049
108 49341.06667 4.23020 0.03917
111 51847.50000 4.20806 0.03791
114 55747.10000 4.28956 0.03763
117 57716.83333 4.21629 0.03604
120 60513.16667 4.20230 0.03502
123 63609.73333 4.20449 0.03418
126 72927.00000 4.59354 0.03646
129 76210.46667 4.57968 0.03550
132 79663.43333 4.57205 0.03464
135 82170.66667 4.50868 0.03340
138 86943.86667 4.56542 0.03308
141 90771.33333 4.56573 0.03238
144 94001.93333 4.53327 0.03148
147 96877.80000 4.48322 0.03050
150 100580.30000 4.47024 0.02980
153 103986.76667 4.44217 0.02903
156 109468.83333 4.49823 0.02883
159 113638.00000 4.49500 0.02827
162 117230.76667 4.46695 0.02757
165 120078.13333 4.41058 0.02673
168 123635.90000 4.38052 0.02607
171 128625.16667 4.39880 0.02572
174 134394.93333 4.43899 0.02551
177 139410.63333 4.44989 0.02514
180 157191.50000 4.85159 0.02695
