9 2002 2267
12 2730 3605
15 3411 5497
18 5330 9395
21 6258 12953
24 8040 18526
27 9882 26894
30 11575 35055
33 13468 49949
36 17993 68401
39 18683 79870
42 19881 91972
45 21768 103175
48 24681 125890
51 25426 144556
54 27336 171660
57 30043 192216
60 32596 225304
63 37115 255364
66 37932 291956
69 41626 282010
72 43996 352958
75 47966 345123
78 62925 428805
81 55331 497068
84 57267 495846
87 60146 497673
90 79594 608313
93 71527 541551
96 70938 569840
99 71397 601457
102 77788 643571
105 80576 683727
108 83596 725457
111 94784 977396
114 92529 820522
117 101133 832745
120 101969 927087
123 107663 988544
126 120557 1005379
129 127979 1074448
132 126701 1187123
135 127135 1225017
138 134729 1278771
141 146624 1376147
144 144225 1647647
147 139190 1745122
150 143095 1625152
153 147803 1742622
156 152883 1799679
159 142029 2988710
162 239049 3036188
165 145364 2110028
168 147334 2338625
171 157331 2601178
174 154505 2510940
177 175838 2739251
180 173910 2804136
183 165790 2865290
186 176962 3061215
