2 217542.90000 130383.00000 108771.45000 65191.50000
3 345003.06667 134702.70000 115001.02222 44900.90000
4 459709.63333 152889.43333 114927.40833 38222.35833
5 708026.16667 185692.76667 141605.23333 37138.55333
6 920336.83333 201122.06667 153389.47222 33520.34444
7 1122500.33333 210803.53333 160357.19048 30114.79048
8 1036256.70000 143288.10000 129532.08750 17911.01250
9 913099.76667 149260.33333 101455.52963 16584.48148
10 1007547.23333 155735.46667 100754.72333 15573.54667
11 1113434.66667 161938.33333 101221.33333 14721.66667
12 1286946.23333 173290.56667 107245.51944 14440.88056
13 1297475.83333 173328.50000 99805.83333 13332.96154
14 1385359.53333 181182.43333 98954.25238 12941.60238
15 1479729.23333 185667.06667 98648.61556 12377.80444
16 1599518.66667 191946.53333 99969.91667 11996.65833
17 1680810.20000 197590.40000 98871.18824 11622.96471
18 1762979.90000 204406.76667 97943.32778 11355.93148
19 1900408.73333 210787.76667 100021.51228 11094.09298
20 1992489.26667 215787.26667 99624.46333 10789.36333
21 2050185.36667 226856.56667 97627.87460 10802.69365
22 2142726.76667 227931.13333 97396.67121 10360.50606
23 2244832.50000 234364.50000 97601.41304 10189.76087
24 2350691.43333 240720.20000 97945.47639 10030.00833
25 2434979.30000 246396.56667 97399.17200 9855.86267
26 2543098.30000 252463.06667 97811.47308 9710.11795
27 2631964.86667 258910.43333 97480.18025 9589.27531
28 2747294.03333 267356.23333 98117.64405 9548.43690
29 2814498.90000 270612.53333 97051.68621 9331.46667
30 2931669.50000 277081.06667 97722.31667 9236.03556
31 3005814.16667 283100.73333 96961.74731 9132.28172
32 3110122.36667 288716.90000 97191.32396 9022.40313
33 3217742.86667 295026.23333 97507.35960 8940.18889
34 3297932.76667 301324.43333 96998.02255 8862.48333
35 3473350.70000 307720.56667 99238.59143 8792.01619
36 3529498.33333 313215.96667 98041.62037 8700.44352
37 3608055.33333 320007.90000 97515.00901 8648.86216
38 3697091.83333 325107.36667 97291.89035 8555.45702
39 3805066.43333 331003.43333 97565.80598 8487.26752
40 3884510.80000 337694.80000 97112.77000 8442.37000
41 3999376.40000 342777.53333 97545.76585 8360.42764
42 4084690.23333 350342.43333 97254.52937 8341.48651
43 4197418.53333 355511.36667 97614.38450 8267.70620
44 4269372.26667 368542.13333 97031.18788 8375.95758
45 4354043.60000 367968.56667 96756.52444 8177.07926
46 4470109.10000 373498.56667 97176.28478 8119.53406
47 4634365.76667 380152.80000 98603.52695 8088.35745
48 4673246.10000 386033.53333 97359.29375 8042.36528
49 4877718.70000 392663.33333 99545.27959 8013.53741
50 4891314.10000 397928.36667 97826.28200 7958.56733
51 4990663.53333 405168.53333 97856.14771 7944.48105
52 5070893.10000 411112.93333 97517.17500 7906.01795
53 5162566.10000 423146.90000 97406.90755 7983.90377
54 5278435.70000 425012.50000 97748.80926 7870.60185
55 5336996.96667 435239.23333 97036.30848 7913.44061
56 5450065.96667 440653.73333 97322.60655 7868.81667
57 5558851.23333 443773.66667 97523.70585 7785.50292
58 5676470.00000 450764.93333 97870.17241 7771.80920
59 5834156.73333 453499.60000 98884.01243 7686.43390
60 5845886.40000 459261.60000 97431.44000 7654.36000
